single point
            x1                      10.00000000000000    1.000000000000000    0.000000000000000
           x10                      -10.00000000000000    1.000000000000000    0.000000000000000
            x2                      10.00000000000000    1.000000000000000    0.000000000000000
            x3                      10.00000000000000    1.000000000000000    0.000000000000000
            x4                      -10.00000000000000    1.000000000000000    0.000000000000000
            x5                      7.858570096535192    1.000000000000000    0.000000000000000
            x6                      -9.999999999999998    1.000000000000000    0.000000000000000
            x7                      9.999999999999998    1.000000000000000    0.000000000000000
            x8                      4.955555555555366    1.000000000000000    0.000000000000000
            x9                      9.999999999999993    1.000000000000000    0.000000000000000
